Earth,   2018-09-23T08:04:49.56,   0  0  0.0000, -00  0  0.4806,    1.003459578,  -3.86
Earth,   2018-09-24T08:04:49.56,   0 58 42.7661, -00  0  0.5410,    1.003177575,  -3.86
Earth,   2018-09-25T08:04:49.56,   1 57 27.4629, -00  0  0.6223,    1.002895826,  -3.86
Earth,   2018-09-26T08:04:49.56,   2 56 14.1538, -00  0  0.7285,    1.002614449,  -3.86
Earth,   2018-09-27T08:04:49.56,   3 55  2.9044, -00  0  0.8626,    1.002333512,  -3.86
Earth,   2018-09-28T08:04:49.56,   4 53 53.7799, -00  0  1.0261,    1.002053023,  -3.86
Earth,   2018-09-29T08:04:49.56,   5 52 46.8426, -00  0  1.2191,    1.001772932,  -3.86
Earth,   2018-09-30T08:04:49.56,   6 51 42.1484, -00  0  1.4402,    1.001493128,  -3.86
Earth,   2018-10-01T08:04:49.56,   7 50 39.7440, -00  0  1.6860,    1.001213445,  -3.86
Earth,   2018-10-02T08:04:49.56,   8 49 39.6638, -00  0  1.9517,    1.000933672,  -3.86
Earth,   2018-10-03T08:04:49.56,   9 48 41.9268, -00  0  2.2310,    1.000653564,  -3.86
Earth,   2018-10-04T08:04:49.56,  10 47 46.5350, -00  0  2.5163,    1.000372860,  -3.86
Earth,   2018-10-05T08:04:49.56,  11 46 53.4711, -00  0  2.7994,    1.000091303,  -3.86
Earth,   2018-10-06T08:04:49.56,  12 46  2.6997, -00  0  3.0722,    0.999808668,  -3.86
Earth,   2018-10-07T08:04:49.56,  13 45 14.1685, -00  0  3.3270,    0.999524787,  -3.86
Earth,   2018-10-08T08:04:49.56,  14 44 27.8126, -00  0  3.5575,    0.999239567,  -3.86
Earth,   2018-10-09T08:04:49.56,  15 43 43.5601, -00  0  3.7590,    0.998953006,  -3.86
Earth,   2018-10-10T08:04:49.56,  16 43  1.3383, -00  0  3.9291,    0.998665197,  -3.86
Earth,   2018-10-11T08:04:49.56,  17 42 21.0792, -00  0  4.0673,    0.998376313,  -3.86
Earth,   2018-10-12T08:04:49.56,  18 41 42.7238, -00  0  4.1752,    0.998086594,  -3.86
Earth,   2018-10-13T08:04:49.56,  19 41  6.2235, -00  0  4.2557,    0.997796323,  -3.86
Earth,   2018-10-14T08:04:49.56,  20 40 31.5411, -00  0  4.3129,    0.997505812,  -3.86
Earth,   2018-10-15T08:04:49.56,  21 39 58.6500, -00  0  4.3516,    0.997215384,  -3.86
Earth,   2018-10-16T08:04:49.56,  22 39 27.5326, -00  0  4.3772,    0.996925366,  -3.86
Earth,   2018-10-17T08:04:49.56,  23 38 58.1797, -00  0  4.3950,    0.996636082,  -3.86
Earth,   2018-10-18T08:04:49.56,  24 38 30.5891, -00  0  4.4109,    0.996347849,  -3.86
Earth,   2018-10-19T08:04:49.56,  25 38  4.7657, -00  0  4.4303,    0.996060980,  -3.86
Earth,   2018-10-20T08:04:49.56,  26 37 40.7209, -00  0  4.4588,    0.995775781,  -3.86
Earth,   2018-10-21T08:04:49.56,  27 37 18.4738, -00  0  4.5017,    0.995492543,  -3.86
Earth,   2018-10-22T08:04:49.56,  28 36 58.0511, -00  0  4.5637,    0.995211545,  -3.86
Earth,   2018-10-23T08:04:49.56,  29 36 39.4877, -00  0  4.6491,    0.994933039,  -3.86
Earth,   2018-10-24T08:04:49.56,  30 36 22.8264, -00  0  4.7609,    0.994657242,  -3.86
Earth,   2018-10-25T08:04:49.56,  31 36  8.1169, -00  0  4.9012,    0.994384321,  -3.86
Earth,   2018-10-26T08:04:49.56,  32 35 55.4136, -00  0  5.0702,    0.994114383,  -3.86
Earth,   2018-10-27T08:04:49.56,  33 35 44.7723, -00  0  5.2666,    0.993847461,  -3.86
Earth,   2018-10-28T08:04:49.56,  34 35 36.2457, -00  0  5.4870,    0.993583516,  -3.86
Earth,   2018-10-29T08:04:49.56,  35 35 29.8796, -00  0  5.7263,    0.993322434,  -3.86
Earth,   2018-10-30T08:04:49.56,  36 35 25.7080, -00  0  5.9782,    0.993064038,  -3.86
Earth,   2018-10-31T08:04:49.56,  37 35 23.7502, -00  0  6.2351,    0.992808102,  -3.86
Earth,   2018-11-01T08:04:49.56,  38 35 24.0083, -00  0  6.4889,    0.992554371,  -3.86
Earth,   2018-11-02T08:04:49.56,  39 35 26.4661, -00  0  6.7318,    0.992302580,  -3.86
Earth,   2018-11-03T08:04:49.56,  40 35 31.0895, -00  0  6.9564,    0.992052480,  -3.86
Earth,   2018-11-04T08:04:49.56,  41 35 37.8274, -00  0  7.1563,    0.991803852,  -3.86
Earth,   2018-11-05T08:04:49.56,  42 35 46.6145, -00  0  7.3271,    0.991556532,  -3.86
Earth,   2018-11-06T08:04:49.56,  43 35 57.3749, -00  0  7.4657,    0.991310422,  -3.86
Earth,   2018-11-07T08:04:49.56,  44 36 10.0267, -00  0  7.5713,    0.991065496,  -3.86
Earth,   2018-11-08T08:04:49.56,  45 36 24.4862, -00  0  7.6449,    0.990821806,  -3.86
Earth,   2018-11-09T08:04:49.56,  46 36 40.6720, -00  0  7.6891,    0.990579471,  -3.86
Earth,   2018-11-10T08:04:49.56,  47 36 58.5084, -00  0  7.7078,    0.990338667,  -3.86
Earth,   2018-11-11T08:04:49.56,  48 37 17.9271, -00  0  7.7058,    0.990099615,  -3.86
Earth,   2018-11-12T08:04:49.56,  49 37 38.8681, -00  0  7.6885,    0.989862567,  -3.86
Earth,   2018-11-13T08:04:49.56,  50 38  1.2797, -00  0  7.6616,    0.989627797,  -3.86
Earth,   2018-11-14T08:04:49.56,  51 38 25.1177, -00  0  7.6310,    0.989395589,  -3.86
Earth,   2018-11-15T08:04:49.56,  52 38 50.3455, -00  0  7.6024,    0.989166236,  -3.86
Earth,   2018-11-16T08:04:49.56,  53 39 16.9330, -00  0  7.5812,    0.988940039,  -3.86
Earth,   2018-11-17T08:04:49.56,  54 39 44.8572, -00  0  7.5727,    0.988717300,  -3.86
Earth,   2018-11-18T08:04:49.56,  55 40 14.1026, -00  0  7.5817,    0.988498325,  -3.86
Earth,   2018-11-19T08:04:49.56,  56 40 44.6619, -00  0  7.6126,    0.988283420,  -3.86
Earth,   2018-11-20T08:04:49.56,  57 41 16.5378, -00  0  7.6687,    0.988072887,  -3.86
Earth,   2018-11-21T08:04:49.56,  58 41 49.7435, -00  0  7.7524,    0.987867008,  -3.86
Earth,   2018-11-22T08:04:49.56,  59 42 24.3037, -00  0  7.8645,    0.987666036,  -3.86
Earth,   2018-11-23T08:04:49.56,  60 43  0.2536, -00  0  8.0041,    0.987470170,  -3.86
Earth,   2018-11-24T08:04:49.56,  61 43 37.6363, -00  0  8.1683,    0.987279539,  -3.86
Earth,   2018-11-25T08:04:49.56,  62 44 16.4988, -00  0  8.3520,    0.987094188,  -3.86
Earth,   2018-11-26T08:04:49.56,  63 44 56.8856, -00  0  8.5486,    0.986914067,  -3.86
Earth,   2018-11-27T08:04:49.56,  64 45 38.8328, -00  0  8.7500,    0.986739036,  -3.86
Earth,   2018-11-28T08:04:49.56,  65 46 22.3630, -00  0  8.9479,    0.986568885,  -3.86
Earth,   2018-11-29T08:04:49.56,  66 47  7.4814, -00  0  9.1337,    0.986403353,  -3.86
Earth,   2018-11-30T08:04:49.56,  67 47 54.1747, -00  0  9.3000,    0.986242153,  -3.86
Earth,   2018-12-01T08:04:49.56,  68 48 42.4111, -00  0  9.4405,    0.986084999,  -3.86
Earth,   2018-12-02T08:04:49.56,  69 49 32.1421, -00  0  9.5505,    0.985931624,  -3.86
Earth,   2018-12-03T08:04:49.56,  70 50 23.3046, -00  0  9.6273,    0.985781796,  -3.86
Earth,   2018-12-04T08:04:49.56,  71 51 15.8238, -00  0  9.6697,    0.985635329,  -3.86
Earth,   2018-12-05T08:04:49.56,  72 52  9.6164, -00  0  9.6786,    0.985492095,  -3.86
Earth,   2018-12-06T08:04:49.56,  73 53  4.5936, -00  0  9.6563,    0.985352021,  -3.86
Earth,   2018-12-07T08:04:49.56,  74 54  0.6644, -00  0  9.6065,    0.985215096,  -3.86
Earth,   2018-12-08T08:04:49.56,  75 54 57.7382, -00  0  9.5339,    0.985081364,  -3.86
Earth,   2018-12-09T08:04:49.56,  76 55 55.7273, -00  0  9.4440,    0.984950919,  -3.86
Earth,   2018-12-10T08:04:49.56,  77 56 54.5485, -00  0  9.3426,    0.984823896,  -3.86
Earth,   2018-12-11T08:04:49.56,  78 57 54.1242, -00  0  9.2358,    0.984700465,  -3.86
Earth,   2018-12-12T08:04:49.56,  79 58 54.3829, -00  0  9.1295,    0.984580822,  -3.86
Earth,   2018-12-13T08:04:49.56,  80 59 55.2592, -00  0  9.0294,    0.984465187,  -3.86
Earth,   2018-12-14T08:04:49.56,  82  0 56.6942, -00  0  8.9409,    0.984353793,  -3.86
Earth,   2018-12-15T08:04:49.56,  83  1 58.6349, -00  0  8.8689,    0.984246891,  -3.86
Earth,   2018-12-16T08:04:49.56,  84  3  1.0355, -00  0  8.8178,    0.984144748,  -3.86
Earth,   2018-12-17T08:04:49.56,  85  4  3.8579, -00  0  8.7910,    0.984047643,  -3.86
Earth,   2018-12-18T08:04:49.56,  86  5  7.0731, -00  0  8.7913,    0.983955866,  -3.86
Earth,   2018-12-19T08:04:49.56,  87  6 10.6634, -00  0  8.8200,    0.983869716,  -3.86
Earth,   2018-12-20T08:04:49.56,  88  7 14.6246, -00  0  8.8771,    0.983789481,  -3.86
Earth,   2018-12-21T08:04:49.56,  89  8 18.9671, -00  0  8.9604,    0.983715429,  -3.86
Earth,   2018-12-22T08:04:49.56,  90  9 23.7156, -00  0  9.0657,    0.983647774,  -3.86
Earth,   2018-12-23T08:04:49.56,  91 10 28.9072, -00  0  9.1868,    0.983586654,  -3.86
Earth,   2018-12-24T08:04:49.56,  92 11 34.5852, -00  0  9.3156,    0.983532107,  -3.86
Earth,   2018-12-25T08:04:49.56,  93 12 40.7921, -00  0  9.4429,    0.983484062,  -3.86
Earth,   2018-12-26T08:04:49.56,  94 13 47.5616, -00  0  9.5595,    0.983442342,  -3.86
Earth,   2018-12-27T08:04:49.56,  95 14 54.9121, -00  0  9.6569,    0.983406692,  -3.86
Earth,   2018-12-28T08:04:49.56,  96 16  2.8436, -00  0  9.7281,    0.983376803,  -3.86
Earth,   2018-12-29T08:04:49.56,  97 17 11.3364, -00  0  9.7681,    0.983352345,  -3.86
Earth,   2018-12-30T08:04:49.56,  98 18 20.3533, -00  0  9.7737,    0.983332995,  -3.86
Earth,   2018-12-31T08:04:49.56,  99 19 29.8413, -00  0  9.7440,    0.983318450,  -3.86
Earth,   2019-01-01T08:04:49.56, 100 20 39.7353, -00  0  9.6796,    0.983308444,  -3.86
Earth,   2019-01-02T08:04:49.56, 101 21 49.9604, -00  0  9.5829,    0.983302751,  -3.86
Earth,   2019-01-03T08:04:49.56, 102 23  0.4347, -00  0  9.4574,    0.983301191,  -3.86
Earth,   2019-01-04T08:04:49.56, 103 24 11.0713, -00  0  9.3077,    0.983303630,  -3.86
Earth,   2019-01-05T08:04:49.56, 104 25 21.7806, -00  0  9.1392,    0.983309981,  -3.86
Earth,   2019-01-06T08:04:49.56, 105 26 32.4722, -00  0  8.9577,    0.983320203,  -3.86
Earth,   2019-01-07T08:04:49.56, 106 27 43.0561, -00  0  8.7693,    0.983334296,  -3.86
Earth,   2019-01-08T08:04:49.56, 107 28 53.4447, -00  0  8.5801,    0.983352303,  -3.86
Earth,   2019-01-09T08:04:49.56, 108 30  3.5537, -00  0  8.3960,    0.983374298,  -3.86
Earth,   2019-01-10T08:04:49.56, 109 31 13.3026, -00  0  8.2226,    0.983400391,  -3.86
Earth,   2019-01-11T08:04:49.56, 110 32 22.6160, -00  0  8.0648,    0.983430718,  -3.86
Earth,   2019-01-12T08:04:49.56, 111 33 31.4234, -00  0  7.9272,    0.983465442,  -3.86
Earth,   2019-01-13T08:04:49.56, 112 34 39.6602, -00  0  7.8132,    0.983504751,  -3.86
Earth,   2019-01-14T08:04:49.56, 113 35 47.2686, -00  0  7.7258,    0.983548856,  -3.86
Earth,   2019-01-15T08:04:49.56, 114 36 54.1986, -00  0  7.6666,    0.983597993,  -3.86
Earth,   2019-01-16T08:04:49.56, 115 38  0.4100, -00  0  7.6359,    0.983652422,  -3.86
Earth,   2019-01-17T08:04:49.56, 116 39  5.8753, -00  0  7.6327,    0.983712416,  -3.86
Earth,   2019-01-18T08:04:49.56, 117 40 10.5821, -00  0  7.6539,    0.983778256,  -3.86
Earth,   2019-01-19T08:04:49.56, 118 41 14.5355, -00  0  7.6944,    0.983850204,  -3.86
Earth,   2019-01-20T08:04:49.56, 119 42 17.7585, -00  0  7.7470,    0.983928475,  -3.86
Earth,   2019-01-21T08:04:49.56, 120 43 20.2895, -00  0  7.8030,    0.984013208,  -3.86
Earth,   2019-01-22T08:04:49.56, 121 44 22.1768, -00  0  7.8528,    0.984104430,  -3.86
Earth,   2019-01-23T08:04:49.56, 122 45 23.4694, -00  0  7.8868,    0.984202051,  -3.86
Earth,   2019-01-24T08:04:49.56, 123 46 24.2081, -00  0  7.8968,    0.984305865,  -3.86
Earth,   2019-01-25T08:04:49.56, 124 47 24.4188, -00  0  7.8766,    0.984415579,  -3.86
Earth,   2019-01-26T08:04:49.56, 125 48 24.1085, -00  0  7.8222,    0.984530846,  -3.86
Earth,   2019-01-27T08:04:49.56, 126 49 23.2648, -00  0  7.7321,    0.984651299,  -3.86
Earth,   2019-01-28T08:04:49.56, 127 50 21.8585, -00  0  7.6069,    0.984776576,  -3.86
Earth,   2019-01-29T08:04:49.56, 128 51 19.8463, -00  0  7.4489,    0.984906338,  -3.86
Earth,   2019-01-30T08:04:49.56, 129 52 17.1736, -00  0  7.2617,    0.985040276,  -3.86
Earth,   2019-01-31T08:04:49.56, 130 53 13.7778, -00  0  7.0498,    0.985178118,  -3.86
Earth,   2019-02-01T08:04:49.56, 131 54  9.5898, -00  0  6.8186,    0.985319629,  -3.86
Earth,   2019-02-02T08:04:49.56, 132 55  4.5357, -00  0  6.5737,    0.985464609,  -3.86
Earth,   2019-02-03T08:04:49.56, 133 55 58.5384, -00  0  6.3213,    0.985612898,  -3.86
Earth,   2019-02-04T08:04:49.56, 134 56 51.5185, -00  0  6.0674,    0.985764371,  -3.86
Earth,   2019-02-05T08:04:49.56, 135 57 43.3955, -00  0  5.8178,    0.985918944,  -3.86
Earth,   2019-02-06T08:04:49.56, 136 58 34.0892, -00  0  5.5782,    0.986076566,  -3.86
Earth,   2019-02-07T08:04:49.56, 137 59 23.5204, -00  0  5.3537,    0.986237227,  -3.86
Earth,   2019-02-08T08:04:49.56, 139  0 11.6122, -00  0  5.1488,    0.986400951,  -3.86
Earth,   2019-02-09T08:04:49.56, 140  0 58.2910, -00  0  4.9673,    0.986567800,  -3.86
Earth,   2019-02-10T08:04:49.56, 141  1 43.4875, -00  0  4.8118,    0.986737866,  -3.86
Earth,   2019-02-11T08:04:49.56, 142  2 27.1373, -00  0  4.6842,    0.986911278,  -3.86
Earth,   2019-02-12T08:04:49.56, 143  3  9.1830, -00  0  4.5851,    0.987088200,  -3.86
Earth,   2019-02-13T08:04:49.56, 144  3 49.5754, -00  0  4.5136,    0.987268826,  -3.86
Earth,   2019-02-14T08:04:49.56, 145  4 28.2756, -00  0  4.4674,    0.987453383,  -3.86
Earth,   2019-02-15T08:04:49.56, 146  5  5.2586, -00  0  4.4426,    0.987642124,  -3.86
Earth,   2019-02-16T08:04:49.56, 147  5 40.5157, -00  0  4.4332,    0.987835310,  -3.86
Earth,   2019-02-17T08:04:49.56, 148  6 14.0575, -00  0  4.4319,    0.988033195,  -3.86
Earth,   2019-02-18T08:04:49.56, 149  6 45.9143, -00  0  4.4298,    0.988235989,  -3.86
Earth,   2019-02-19T08:04:49.56, 150  7 16.1342, -00  0  4.4175,    0.988443825,  -3.86
Earth,   2019-02-20T08:04:49.56, 151  7 44.7765, -00  0  4.3861,    0.988656727,  -3.86
Earth,   2019-02-21T08:04:49.56, 152  8 11.9033, -00  0  4.3282,    0.988874601,  -3.86
Earth,   2019-02-22T08:04:49.56, 153  8 37.5705, -00  0  4.2385,    0.989097234,  -3.86
Earth,   2019-02-23T08:04:49.56, 154  9  1.8197, -00  0  4.1142,    0.989324325,  -3.86
Earth,   2019-02-24T08:04:49.56, 155  9 24.6756, -00  0  3.9554,    0.989555517,  -3.86
Earth,   2019-02-25T08:04:49.56, 156  9 46.1446, -00  0  3.7639,    0.989790428,  -3.86
Earth,   2019-02-26T08:04:49.56, 157 10  6.2175, -00  0  3.5434,    0.990028678,  -3.86
Earth,   2019-02-27T08:04:49.56, 158 10 24.8718, -00  0  3.2985,    0.990269904,  -3.86
Earth,   2019-02-28T08:04:49.56, 159 10 42.0749, -00  0  3.0346,    0.990513768,  -3.86
Earth,   2019-03-01T08:04:49.56, 160 10 57.7861, -00  0  2.7575,    0.990759961,  -3.86
Earth,   2019-03-02T08:04:49.56, 161 11 11.9587, -00  0  2.4731,    0.991008203,  -3.86
Earth,   2019-03-03T08:04:49.56, 162 11 24.5408, -00  0  2.1874,    0.991258242,  -3.86
Earth,   2019-03-04T08:04:49.56, 163 11 35.4762, -00  0  1.9061,    0.991509858,  -3.86
Earth,   2019-03-05T08:04:49.56, 164 11 44.7054, -00  0  1.6348,    0.991762859,  -3.86
Earth,   2019-03-06T08:04:49.56, 165 11 52.1657, -00  0  1.3787,    0.992017090,  -3.86
Earth,   2019-03-07T08:04:49.56, 166 11 57.7926, -00  0  1.1421,    0.992272429,  -3.86
Earth,   2019-03-08T08:04:49.56, 167 12  1.5207, -00  0  0.9288,    0.992528794,  -3.86
Earth,   2019-03-09T08:04:49.56, 168 12  3.2848, -00  0  0.7417,    0.992786145,  -3.86
Earth,   2019-03-10T08:04:49.56, 169 12  3.0214, -00  0  0.5825,    0.993044484,  -3.86
Earth,   2019-03-11T08:04:49.56, 170 12  0.6702, -00  0  0.4518,    0.993303858,  -3.86
Earth,   2019-03-12T08:04:49.56, 171 11 56.1756, -00  0  0.3489,    0.993564357,  -3.86
Earth,   2019-03-13T08:04:49.56, 172 11 49.4890, -00  0  0.2715,    0.993826116,  -3.86
Earth,   2019-03-14T08:04:49.56, 173 11 40.5707, -00  0  0.2162,    0.994089310,  -3.86
Earth,   2019-03-15T08:04:49.56, 174 11 29.3928, -00  0  0.1778,    0.994354153,  -3.86
Earth,   2019-03-16T08:04:49.56, 175 11 15.9417, -00  0  0.1499,    0.994620889,  -3.86
Earth,   2019-03-17T08:04:49.56, 176 11  0.2217, -00  0  0.1247,    0.994889773,  -3.86
Earth,   2019-03-18T08:04:49.56, 177 10 42.2567, -00  0  0.0939,    0.995161052,  -3.86
Earth,   2019-03-19T08:04:49.56, 178 10 22.0903, -00  0  0.0490,    0.995434932,  -3.86
Earth,   2019-03-20T08:04:49.56, 179  9 59.7841, +00  0  0.0177,    0.995711545,  -3.86
Earth,   2019-03-21T08:04:49.56, 180  9 35.4108, +00  0  0.1123,    0.995990923,  -3.86
Earth,   2019-03-22T08:04:49.56, 181  9  9.0468, +00  0  0.2387,    0.996272985,  -3.86
Earth,   2019-03-23T08:04:49.56, 182  8 40.7641, +00  0  0.3981,    0.996557542,  -3.86
Earth,   2019-03-24T08:04:49.56, 183  8 10.6231, +00  0  0.5892,    0.996844319,  -3.86
Earth,   2019-03-25T08:04:49.56, 184  7 38.6693, +00  0  0.8090,    0.997132984,  -3.86
Earth,   2019-03-26T08:04:49.56, 185  7  4.9331, +00  0  1.0528,    0.997423175,  -3.86
Earth,   2019-03-27T08:04:49.56, 186  6 29.4301, +00  0  1.3151,    0.997714524,  -3.86
Earth,   2019-03-28T08:04:49.56, 187  5 52.1644, +00  0  1.5900,    0.998006672,  -3.86
Earth,   2019-03-29T08:04:49.56, 188  5 13.1299, +00  0  1.8714,    0.998299275,  -3.86
Earth,   2019-03-30T08:04:49.56, 189  4 32.3127, +00  0  2.1534,    0.998592009,  -3.86
Earth,   2019-03-31T08:04:49.56, 190  3 49.6926, +00  0  2.4301,    0.998884571,  -3.86
Earth,   2019-04-01T08:04:49.56, 191  3  5.2433, +00  0  2.6961,    0.999176677,  -3.86
Earth,   2019-04-02T08:04:49.56, 192  2 18.9331, +00  0  2.9466,    0.999468068,  -3.86
Earth,   2019-04-03T08:04:49.56, 193  1 30.7253, +00  0  3.1769,    0.999758507,  -3.86
Earth,   2019-04-04T08:04:49.56, 194  0 40.5781, +00  0  3.3835,    1.000047789,  -3.86
Earth,   2019-04-05T08:04:49.56, 194 59 48.4455, +00  0  3.5634,    1.000335741,  -3.86
Earth,   2019-04-06T08:04:49.56, 195 58 54.2782, +00  0  3.7147,    1.000622234,  -3.86
Earth,   2019-04-07T08:04:49.56, 196 57 58.0246, +00  0  3.8370,    1.000907184,  -3.86
Earth,   2019-04-08T08:04:49.56, 197 56 59.6331, +00  0  3.9309,    1.001190560,  -3.86
Earth,   2019-04-09T08:04:49.56, 198 55 59.0542, +00  0  3.9985,    1.001472386,  -3.86
Earth,   2019-04-10T08:04:49.56, 199 54 56.2432, +00  0  4.0435,    1.001752742,  -3.86
Earth,   2019-04-11T08:04:49.56, 200 53 51.1626, +00  0  4.0709,    1.002031765,  -3.86
Earth,   2019-04-12T08:04:49.56, 201 52 43.7853, +00  0  4.0868,    1.002309638,  -3.86
Earth,   2019-04-13T08:04:49.56, 202 51 34.0977, +00  0  4.0983,    1.002586591,  -3.86
Earth,   2019-04-14T08:04:49.56, 203 50 22.1016, +00  0  4.1132,    1.002862876,  -3.86
Earth,   2019-04-15T08:04:49.56, 204 49  7.8173, +00  0  4.1393,    1.003138759,  -3.86
Earth,   2019-04-16T08:04:49.56, 205 47 51.2844, +00  0  4.1838,    1.003414489,  -3.86
Earth,   2019-04-17T08:04:49.56, 206 46 32.5608, +00  0  4.2528,    1.003690277,  -3.86
Earth,   2019-04-18T08:04:49.56, 207 45 11.7201, +00  0  4.3508,    1.003966259,  -3.86
Earth,   2019-04-19T08:04:49.56, 208 43 48.8458, +00  0  4.4796,    1.004242486,  -3.86
Earth,   2019-04-20T08:04:49.56, 209 42 24.0253, +00  0  4.6392,    1.004518908,  -3.86
Earth,   2019-04-21T08:04:49.56, 210 40 57.3426, +00  0  4.8269,    1.004795382,  -3.86
Earth,   2019-04-22T08:04:49.56, 211 39 28.8734, +00  0  5.0386,    1.005071685,  -3.86
Earth,   2019-04-23T08:04:49.56, 212 37 58.6816, +00  0  5.2689,    1.005347542,  -3.86
Earth,   2019-04-24T08:04:49.56, 213 36 26.8189, +00  0  5.5117,    1.005622641,  -3.86
Earth,   2019-04-25T08:04:49.56, 214 34 53.3246, +00  0  5.7607,    1.005896656,  -3.86
Earth,   2019-04-26T08:04:49.56, 215 33 18.2275, +00  0  6.0096,    1.006169260,  -3.86
Earth,   2019-04-27T08:04:49.56, 216 31 41.5472, +00  0  6.2527,    1.006440130,  -3.86
Earth,   2019-04-28T08:04:49.56, 217 30  3.2954, +00  0  6.4843,    1.006708950,  -3.86
Earth,   2019-04-29T08:04:49.56, 218 28 23.4769, +00  0  6.6996,    1.006975418,  -3.86
Earth,   2019-04-30T08:04:49.56, 219 26 42.0898, +00  0  6.8941,    1.007239241,  -3.86
Earth,   2019-05-01T08:04:49.56, 220 24 59.1253, +00  0  7.0640,    1.007500141,  -3.86
Earth,   2019-05-02T08:04:49.56, 221 23 14.5679, +00  0  7.2064,    1.007757858,  -3.86
Earth,   2019-05-03T08:04:49.56, 222 21 28.3950, +00  0  7.3194,    1.008012154,  -3.86
Earth,   2019-05-04T08:04:49.56, 223 19 40.5767, +00  0  7.4022,    1.008262826,  -3.86
Earth,   2019-05-05T08:04:49.56, 224 17 51.0770, +00  0  7.4554,    1.008509712,  -3.86
Earth,   2019-05-06T08:04:49.56, 225 15 59.8552, +00  0  7.4809,    1.008752704,  -3.86
Earth,   2019-05-07T08:04:49.56, 226 14  6.8682, +00  0  7.4824,    1.008991760,  -3.86
Earth,   2019-05-08T08:04:49.56, 227 12 12.0743, +00  0  7.4649,    1.009226905,  -3.86
Earth,   2019-05-09T08:04:49.56, 228 10 15.4361, +00  0  7.4348,    1.009458235,  -3.86
Earth,   2019-05-10T08:04:49.56, 229  8 16.9254, +00  0  7.3992,    1.009685914,  -3.86
Earth,   2019-05-11T08:04:49.56, 230  6 16.5259, +00  0  7.3658,    1.009910160,  -3.86
Earth,   2019-05-12T08:04:49.56, 231  4 14.2365, +00  0  7.3422,    1.010131236,  -3.86
Earth,   2019-05-13T08:04:49.56, 232  2 10.0733, +00  0  7.3355,    1.010349425,  -3.86
Earth,   2019-05-14T08:04:49.56, 233  0  4.0708, +00  0  7.3517,    1.010565011,  -3.86
Earth,   2019-05-15T08:04:49.56, 233 57 56.2810, +00  0  7.3950,    1.010778259,  -3.86
Earth,   2019-05-16T08:04:49.56, 234 55 46.7723, +00  0  7.4679,    1.010989385,  -3.86
Earth,   2019-05-17T08:04:49.56, 235 53 35.6255, +00  0  7.5705,    1.011198545,  -3.86
Earth,   2019-05-18T08:04:49.56, 236 51 22.9298, +00  0  7.7012,    1.011405814,  -3.86
Earth,   2019-05-19T08:04:49.56, 237 49  8.7774, +00  0  7.8563,    1.011611186,  -3.86
Earth,   2019-05-20T08:04:49.56, 238 46 53.2588, +00  0  8.0308,    1.011814576,  -3.86
Earth,   2019-05-21T08:04:49.56, 239 44 36.4585, +00  0  8.2187,    1.012015832,  -3.86
Earth,   2019-05-22T08:04:49.56, 240 42 18.4529, +00  0  8.4135,    1.012214749,  -3.86
Earth,   2019-05-23T08:04:49.56, 241 39 59.3087, +00  0  8.6088,    1.012411087,  -3.86
Earth,   2019-05-24T08:04:49.56, 242 37 39.0832, +00  0  8.7984,    1.012604583,  -3.86
Earth,   2019-05-25T08:04:49.56, 243 35 17.8246, +00  0  8.9766,    1.012794961,  -3.86
Earth,   2019-05-26T08:04:49.56, 244 32 55.5730, +00  0  9.1382,    1.012981939,  -3.86
Earth,   2019-05-27T08:04:49.56, 245 30 32.3608, +00  0  9.2786,    1.013165234,  -3.86
Earth,   2019-05-28T08:04:49.56, 246 28  8.2134, +00  0  9.3942,    1.013344563,  -3.86
Earth,   2019-05-29T08:04:49.56, 247 25 43.1485, +00  0  9.4817,    1.013519641,  -3.86
Earth,   2019-05-30T08:04:49.56, 248 23 17.1763, +00  0  9.5391,    1.013690192,  -3.86
Earth,   2019-05-31T08:04:49.56, 249 20 50.2982, +00  0  9.5653,    1.013855943,  -3.86
Earth,   2019-06-01T08:04:49.56, 250 18 22.5059, +00  0  9.5605,    1.014016643,  -3.86
Earth,   2019-06-02T08:04:49.56, 251 15 53.7815, +00  0  9.5263,    1.014172066,  -3.86
Earth,   2019-06-03T08:04:49.56, 252 13 24.0973, +00  0  9.4660,    1.014322033,  -3.86
Earth,   2019-06-04T08:04:49.56, 253 10 53.4178, +00  0  9.3844,    1.014466425,  -3.86
Earth,   2019-06-05T08:04:49.56, 254  8 21.7033, +00  0  9.2878,    1.014605201,  -3.86
Earth,   2019-06-06T08:04:49.56, 255  5 48.9138, +00  0  9.1839,    1.014738403,  -3.86
Earth,   2019-06-07T08:04:49.56, 256  3 15.0149, +00  0  9.0806,    1.014866163,  -3.86
Earth,   2019-06-08T08:04:49.56, 257  0 39.9823, +00  0  8.9860,    1.014988689,  -3.86
Earth,   2019-06-09T08:04:49.56, 257 58  3.8067, +00  0  8.9075,    1.015106247,  -3.86
Earth,   2019-06-10T08:04:49.56, 258 55 26.4952, +00  0  8.8512,    1.015219143,  -3.86
Earth,   2019-06-11T08:04:49.56, 259 52 48.0735, +00  0  8.8216,    1.015327698,  -3.86
Earth,   2019-06-12T08:04:49.56, 260 50  8.5846, +00  0  8.8213,    1.015432220,  -3.86
Earth,   2019-06-13T08:04:49.56, 261 47 28.0873, +00  0  8.8506,    1.015532992,  -3.86
Earth,   2019-06-14T08:04:49.56, 262 44 46.6538, +00  0  8.9083,    1.015630249,  -3.86
Earth,   2019-06-15T08:04:49.56, 263 42  4.3664, +00  0  8.9911,    1.015724166,  -3.86
Earth,   2019-06-16T08:04:49.56, 264 39 21.3138, +00  0  9.0946,    1.015814854,  -3.86
Earth,   2019-06-17T08:04:49.56, 265 36 37.5874, +00  0  9.2129,    1.015902358,  -3.86
Earth,   2019-06-18T08:04:49.56, 266 33 53.2781, +00  0  9.3400,    1.015986656,  -3.86
Earth,   2019-06-19T08:04:49.56, 267 31  8.4732, +00  0  9.4691,    1.016067671,  -3.86
Earth,   2019-06-20T08:04:49.56, 268 28 23.2545, +00  0  9.5941,    1.016145278,  -3.86
Earth,   2019-06-21T08:04:49.56, 269 25 37.6973, +00  0  9.7088,    1.016219312,  -3.86
Earth,   2019-06-22T08:04:49.56, 270 22 51.8696, +00  0  9.8079,    1.016289585,  -3.86
Earth,   2019-06-23T08:04:49.56, 271 20  5.8322, +00  0  9.8865,    1.016355884,  -3.86
Earth,   2019-06-24T08:04:49.56, 272 17 19.6388, +00  0  9.9407,    1.016417983,  -3.86
Earth,   2019-06-25T08:04:49.56, 273 14 33.3365, +00  0  9.9673,    1.016475642,  -3.86
Earth,   2019-06-26T08:04:49.56, 274 11 46.9650, +00  0  9.9640,    1.016528612,  -3.86
Earth,   2019-06-27T08:04:49.56, 275  9  0.5562, +00  0  9.9293,    1.016576632,  -3.86
Earth,   2019-06-28T08:04:49.56, 276  6 14.1336, +00  0  9.8632,    1.016619436,  -3.86
Earth,   2019-06-29T08:04:49.56, 277  3 27.7101, +00  0  9.7666,    1.016656755,  -3.86
Earth,   2019-06-30T08:04:49.56, 278  0 41.2868, +00  0  9.6422,    1.016688329,  -3.86
Earth,   2019-07-01T08:04:49.56, 278 57 54.8522, +00  0  9.4942,    1.016713922,  -3.86
Earth,   2019-07-02T08:04:49.56, 279 55  8.3815, +00  0  9.3285,    1.016733343,  -3.86
Earth,   2019-07-03T08:04:49.56, 280 52 21.8390, +00  0  9.1523,    1.016746472,  -3.86
Earth,   2019-07-04T08:04:49.56, 281 49 35.1821, +00  0  8.9740,    1.016753274,  -3.86
Earth,   2019-07-05T08:04:49.56, 282 46 48.3676, +00  0  8.8024,    1.016753822,  -3.86
Earth,   2019-07-06T08:04:49.56, 283 44  1.3582, +00  0  8.6456,    1.016748287,  -3.86
Earth,   2019-07-07T08:04:49.56, 284 41 14.1289, +00  0  8.5104,    1.016736924,  -3.86
Earth,   2019-07-08T08:04:49.56, 285 38 26.6713, +00  0  8.4020,    1.016720051,  -3.86
Earth,   2019-07-09T08:04:49.56, 286 35 38.9956, +00  0  8.3233,    1.016698017,  -3.86
Earth,   2019-07-10T08:04:49.56, 287 32 51.1300, +00  0  8.2750,    1.016671175,  -3.86
Earth,   2019-07-11T08:04:49.56, 288 30  3.1190, +00  0  8.2560,    1.016639860,  -3.86
Earth,   2019-07-12T08:04:49.56, 289 27 15.0210, +00  0  8.2633,    1.016604374,  -3.86
Earth,   2019-07-13T08:04:49.56, 290 24 26.9054, +00  0  8.2927,    1.016564974,  -3.86
Earth,   2019-07-14T08:04:49.56, 291 21 38.8496, +00  0  8.3386,    1.016521865,  -3.86
Earth,   2019-07-15T08:04:49.56, 292 18 50.9364, +00  0  8.3952,    1.016475200,  -3.86
Earth,   2019-07-16T08:04:49.56, 293 16  3.2513, +00  0  8.4561,    1.016425075,  -3.86
Earth,   2019-07-17T08:04:49.56, 294 13 15.8803, +00  0  8.5150,    1.016371536,  -3.86
Earth,   2019-07-18T08:04:49.56, 295 10 28.9078, +00  0  8.5657,    1.016314578,  -3.86
Earth,   2019-07-19T08:04:49.56, 296  7 42.4151, +00  0  8.6027,    1.016254155,  -3.86
Earth,   2019-07-20T08:04:49.56, 297  4 56.4794, +00  0  8.6210,    1.016190181,  -3.86
Earth,   2019-07-21T08:04:49.56, 298  2 11.1726, +00  0  8.6164,    1.016122541,  -3.86
Earth,   2019-07-22T08:04:49.56, 298 59 26.5614, +00  0  8.5855,    1.016051091,  -3.86
Earth,   2019-07-23T08:04:49.56, 299 56 42.7066, +00  0  8.5258,    1.015975663,  -3.86
Earth,   2019-07-24T08:04:49.56, 300 53 59.6626, +00  0  8.4359,    1.015896070,  -3.86
Earth,   2019-07-25T08:04:49.56, 301 51 17.4774, +00  0  8.3152,    1.015812102,  -3.86
Earth,   2019-07-26T08:04:49.56, 302 48 36.1908, +00  0  8.1644,    1.015723527,  -3.86
Earth,   2019-07-27T08:04:49.56, 303 45 55.8332, +00  0  7.9856,    1.015630100,  -3.86
Earth,   2019-07-28T08:04:49.56, 304 43 16.4233, +00  0  7.7821,    1.015531561,  -3.86
Earth,   2019-07-29T08:04:49.56, 305 40 37.9660, +00  0  7.5589,    1.015427651,  -3.86
Earth,   2019-07-30T08:04:49.56, 306 38  0.4503, +00  0  7.3226,    1.015318128,  -3.86
Earth,   2019-07-31T08:04:49.56, 307 35 23.8492, +00  0  7.0811,    1.015202797,  -3.86
Earth,   2019-08-01T08:04:49.56, 308 32 48.1216, +00  0  6.8431,    1.015081538,  -3.86
Earth,   2019-08-02T08:04:49.56, 309 30 13.2173, +00  0  6.6173,    1.014954330,  -3.86
Earth,   2019-08-03T08:04:49.56, 310 27 39.0846, +00  0  6.4119,    1.014821271,  -3.86
Earth,   2019-08-04T08:04:49.56, 311 25  5.6786, +00  0  6.2327,    1.014682565,  -3.86
Earth,   2019-08-05T08:04:49.56, 312 22 32.9683, +00  0  6.0839,    1.014538512,  -3.86
Earth,   2019-08-06T08:04:49.56, 313 20  0.9402, +00  0  5.9667,    1.014389465,  -3.86
Earth,   2019-08-07T08:04:49.56, 314 17 29.6001, +00  0  5.8803,    1.014235806,  -3.86
Earth,   2019-08-08T08:04:49.56, 315 14 58.9712, +00  0  5.8218,    1.014077912,  -3.86
Earth,   2019-08-09T08:04:49.56, 316 12 29.0917, +00  0  5.7870,    1.013916141,  -3.86
Earth,   2019-08-10T08:04:49.56, 317 10  0.0120, +00  0  5.7707,    1.013750815,  -3.86
Earth,   2019-08-11T08:04:49.56, 318  7 31.7917, +00  0  5.7668,    1.013582217,  -3.86
Earth,   2019-08-12T08:04:49.56, 319  5  4.4973, +00  0  5.7692,    1.013410586,  -3.86
Earth,   2019-08-13T08:04:49.56, 320  2 38.2000, +00  0  5.7717,    1.013236118,  -3.86
Earth,   2019-08-14T08:04:49.56, 321  0 12.9744, +00  0  5.7684,    1.013058965,  -3.86
Earth,   2019-08-15T08:04:49.56, 321 57 48.8964, +00  0  5.7535,    1.012879235,  -3.86
Earth,   2019-08-16T08:04:49.56, 322 55 26.0422, +00  0  5.7221,    1.012696995,  -3.86
Earth,   2019-08-17T08:04:49.56, 323 53  4.4870, +00  0  5.6698,    1.012512270,  -3.86
Earth,   2019-08-18T08:04:49.56, 324 50 44.3036, +00  0  5.5932,    1.012325050,  -3.86
Earth,   2019-08-19T08:04:49.56, 325 48 25.5617, +00  0  5.4896,    1.012135289,  -3.86
Earth,   2019-08-20T08:04:49.56, 326 46  8.3271, +00  0  5.3575,    1.011942907,  -3.86
Earth,   2019-08-21T08:04:49.56, 327 43 52.6610, +00  0  5.1962,    1.011747794,  -3.86
Earth,   2019-08-22T08:04:49.56, 328 41 38.6189, +00  0  5.0064,    1.011549810,  -3.86
Earth,   2019-08-23T08:04:49.56, 329 39 26.2498, +00  0  4.7897,    1.011348784,  -3.86
Earth,   2019-08-24T08:04:49.56, 330 37 15.5945, +00  0  4.5490,    1.011144516,  -3.86
Earth,   2019-08-25T08:04:49.56, 331 35  6.6838, +00  0  4.2885,    1.010936781,  -3.86
Earth,   2019-08-26T08:04:49.56, 332 32 59.5355, +00  0  4.0141,    1.010725329,  -3.86
Earth,   2019-08-27T08:04:49.56, 333 30 54.1516, +00  0  3.7326,    1.010509907,  -3.86
Earth,   2019-08-28T08:04:49.56, 334 28 50.5161, +00  0  3.4522,    1.010290273,  -3.86
Earth,   2019-08-29T08:04:49.56, 335 26 48.5944, +00  0  3.1813,    1.010066231,  -3.86
Earth,   2019-08-30T08:04:49.56, 336 24 48.3354, +00  0  2.9283,    1.009837663,  -3.86
Earth,   2019-08-31T08:04:49.56, 337 22 49.6776, +00  0  2.7005,    1.009604557,  -3.86
Earth,   2019-09-01T08:04:49.56, 338 20 52.5572, +00  0  2.5029,    1.009367024,  -3.86
Earth,   2019-09-02T08:04:49.56, 339 18 56.9175, +00  0  2.3379,    1.009125290,  -3.86
Earth,   2019-09-03T08:04:49.56, 340 17  2.7157, +00  0  2.2056,    1.008879668,  -3.86
Earth,   2019-09-04T08:04:49.56, 341 15  9.9269, +00  0  2.1034,    1.008630532,  -3.86
Earth,   2019-09-05T08:04:49.56, 342 13 18.5446, +00  0  2.0270,    1.008378275,  -3.86
Earth,   2019-09-06T08:04:49.56, 343 11 28.5789, +00  0  1.9711,    1.008123287,  -3.86
Earth,   2019-09-07T08:04:49.56, 344  9 40.0535, +00  0  1.9296,    1.007865938,  -3.86
Earth,   2019-09-08T08:04:49.56, 345  7 53.0030, +00  0  1.8963,    1.007606569,  -3.86
Earth,   2019-09-09T08:04:49.56, 346  6  7.4701, +00  0  1.8647,    1.007345488,  -3.86
Earth,   2019-09-10T08:04:49.56, 347  4 23.5042, +00  0  1.8291,    1.007082966,  -3.86
Earth,   2019-09-11T08:04:49.56, 348  2 41.1593, +00  0  1.7839,    1.006819240,  -3.86
Earth,   2019-09-12T08:04:49.56, 349  1  0.4934, +00  0  1.7240,    1.006554513,  -3.86
Earth,   2019-09-13T08:04:49.56, 349 59 21.5671, +00  0  1.6452,    1.006288951,  -3.86
Earth,   2019-09-14T08:04:49.56, 350 57 44.4430, +00  0  1.5439,    1.006022682,  -3.86
Earth,   2019-09-15T08:04:49.56, 351 56  9.1844, +00  0  1.4175,    1.005755799,  -3.86
Earth,   2019-09-16T08:04:49.56, 352 54 35.8543, +00  0  1.2643,    1.005488354,  -3.86
Earth,   2019-09-17T08:04:49.56, 353 53  4.5144, +00  0  1.0838,    1.005220361,  -3.86
Earth,   2019-09-18T08:04:49.56, 354 51 35.2238, +00  0  0.8765,    1.004951794,  -3.86
Earth,   2019-09-19T08:04:49.56, 355 50  8.0378, +00  0  0.6441,    1.004682590,  -3.86
Earth,   2019-09-20T08:04:49.56, 356 48 43.0067, +00  0  0.3893,    1.004412645,  -3.86
Earth,   2019-09-21T08:04:49.56, 357 47 20.1741, +00  0  0.1162,    1.004141817,  -3.86
